x	y
2713	4754
4566	680
1322	4287
2841	1949
4419	4804
152	4432
505	1344
1505	502
4579	1503
2418	3900
424	743
1400	4729
2943	1920
3962	1161
4047	300
2497	1443
3376	4400
3175	3580
2536	1049
496	4135
2363	2247
3984	2971
827	1692
3375	1329
1433	4329
250	829
3116	833
1479	3204
722	1922
4303	3220
4513	3494
2378	3291
2134	481
1398	1530
2715	4535
3519	4485
3915	2678
1766	3792
3220	2257
1882	1861
699	2616
1398	3383
4735	2671
3569	4669
2816	746
4390	1497
63	1327
210	4354
4456	489
316	3921
1562	2543
1293	2961
106	3022
4191	1176
119	2033
2486	56
2020	233
565	402
1145	3226
3088	4055
3107	660
4500	4928
2592	4238
3793	4181
4128	4239
960	670
658	1015
252	3517
4562	3337
1640	2350
4645	2003
4840	146
627	977
4178	2292
97	4656
1508	2120
745	4958
1024	3114
1160	1881
4680	592
3975	2785
4440	1219
4083	525
856	330
3361	1124
60	1702
2991	2787
2501	3793
1128	3384
1681	1285
4100	2566
2762	4068
2917	78
2208	4435
1583	169
3584	805
3162	4688
4474	3239
3485	78
4778	1601
578	2495
4251	1411
2803	1349
4558	1229
2972	1045
2619	4430
530	2664
2329	4674
2398	1454
1399	4016
1462	2545
402	4719
4573	725
2715	3666
2508	2852
4863	293
656	1752
3856	4690
725	2089
1065	4004
1051	4603
2794	4156
3730	1356
4228	314
2881	499
2894	1814
3340	3917
2806	3958
1095	4864
3702	2129
2240	1276
1988	3467
1942	4640
2628	4830
4858	4560
3969	3266
195	3498
3343	2756
3931	3051
100	1768
4336	3254
3224	170
4677	451
3819	3279
296	278
4735	3611
4569	2906
1062	3081
597	2552
1636	4022
2854	4383
1360	2826
4880	4023
4978	1488
3438	2679
1734	284
515	2659
1294	3102
4673	1304
969	4493
2196	1258
4596	2507
1007	3880
2220	3161
2509	478
907	4202
4721	868
2778	2395
2593	4363
2681	719
4183	2245
1039	2355
4921	761
913	2400
3500	1798
2418	2869
3342	1213
3539	809
2364	1828
4566	4714
4938	2669
4325	3665
610	2374
4884	3489
1493	3450
283	2643
3526	3522
2626	1528
4916	1349
514	3681
3555	4224
3296	2965
874	2378
3623	1604
2501	2442
4342	4016
2568	3140
3735	1137
4146	3952
1666	1266
207	984
628	4516
3159	3573
1466	21
4324	3188
4409	1647
3468	2159
4794	2809
3237	4762
2709	389
2098	4258
4047	103
3163	2133
2926	3760
2218	2298
3357	234
2462	1514
2378	426
1779	999
276	3877
3194	1162
456	2618
3343	4994
1738	3306
64	4167
1829	2327
2222	3527
79	2254
3047	3663
2761	98
4005	2119
2955	1455
1904	3613
3113	3549
647	825
4265	4328
1422	2963
3163	4511
4684	4201
2158	2076
3016	2342
2547	3710
627	3456
1763	640
1097	981
551	1287
1929	1506
971	820
4444	371
2338	3500
4436	55
2136	1192
326	1083
1886	4072
4096	3275
1977	3395
4619	3668
3184	1184
4753	4331
3687	3784
3595	1064
1018	2475
4545	2935
50	4041
1080	4370
1883	2811
4202	4441
3258	2398
1291	3328
4512	160
1512	609
6	786
1664	1089
1623	4534
3476	2144
3588	222
790	2794
3781	1930
829	492
4328	595
4318	1812
831	1954
478	3442
3515	1334
3451	4221
3566	163
2218	2412
3865	970
1692	2974
2321	3389
2836	710
4024	4622
3576	3512
814	1991
3518	3682
768	252
1221	454
2259	3317
367	2204
288	3311
1118	288
1447	722
4916	4474
1119	4013
553	4395
2284	2780
43	2567
2015	2065
1032	2267
2399	3135
2115	4647
1191	3351
4035	2062
430	2314
433	4402
922	4190
4955	2581
3653	4300
1867	4192
1772	1975
3572	2649
1478	3274
3301	4190
4720	2577
4504	497
1997	2304
614	2001
3293	992
487	2674
4344	2916
2203	246
1028	3907
675	189
2903	1810
4618	2248
729	4738
2094	3694
636	563
4758	2057
4707	667
4390	586
107	901
1339	1833
2408	3749
317	4819
1982	1302
1523	1374
2412	102
1704	3770
592	1856
4385	4135
2111	654
2693	2497
515	2321
2541	3395
4166	2220
3455	3497
4087	4042
2609	491
2863	1551
2763	3058
3640	1389
2053	2114
1184	1846
1255	4193
3416	4196
4664	528
3987	1748
3633	600
3205	4326
4927	1763
3786	11
2270	2220
2418	2664
4988	3333
1157	3416
2854	1228
4943	654
1861	634
3818	3861
1477	581
3106	262
319	1100
528	278
3683	4713
1458	124
1109	2698
2938	2276
4480	2142
3084	3475
4309	3751
2444	3066
3449	462
3182	2824
1513	3588
1388	1063
2203	2235
1720	3227
352	3200
591	4415
2958	4651
3533	879
675	288
3816	2462
1722	55
1837	1186
3354	1365
1971	1810
3332	3929
173	3982
423	2520
1464	2706
4504	2589
4985	2282
507	584
1838	4143
945	4120
1965	2962
1683	618
3352	1973
3606	2700
1872	4699
102	2441
821	4182
2336	4277
998	3273
2476	3630
4052	4521
1414	1810
2632	4648
1181	2147
1298	3611
187	2652
2057	421
1330	2376
3747	2895
1248	2703
4761	1325
950	4731
455	4240
2920	516
3864	4770
1728	2002
2205	1544
4181	2496
4970	3181
1316	1676
988	658
674	2827
1487	2693
819	2139
5	1541
888	1552
4314	3553
2199	4535
3015	536
239	3418
283	395
4330	1931
2192	1768
3629	1354
2712	3362
3935	3207
3089	675
2282	83
1422	2898
4642	1453
3404	3848
3423	4682
3978	1334
2056	1359
4798	3483
3758	2615
1221	3269
4802	1574
505	331
2272	3927
4689	2573
4336	892
1705	4671
2598	694
791	4845
3131	0
1951	4624
1002	1274
4018	2046
2541	4735
2635	4794
4663	3234
357	2677
2771	638
3610	3252
369	3158
1214	1951
311	2875
161	1321
4963	2222
1090	784
1189	3978
632	3333
4875	1912
652	4594
4913	4497
2319	4971
2588	4307
3305	1406
2712	4004
2216	1685
3384	3709
4397	4400
1492	383
4222	3942
3982	4021
3653	4319
3549	4927
3374	1249
154	2917
4334	4582
1351	843
2089	4145
1449	1381
682	3786
1079	292
1819	792
621	30
996	3180
524	269
4535	4203
3551	290
2343	1145
797	692
55	3562
3317	1366
4121	3377
1768	4791
3176	4812
4110	4454
1434	682
333	2502
1972	2303
3063	736
2995	2663
1083	3424
4832	2085
951	2425
1187	1228
4237	3453
2452	2369
4139	3218
2485	1493
1257	3471
415	3741
2069	4043
909	1273
3870	4728
3020	4817
692	4886
1369	2891
633	1149
2467	3494
2762	4650
1960	3334
1987	4025
2857	2998
2150	3655
3109	3798
906	1611
1823	1689
4040	915
1082	1322
4963	1316
3656	4365
1511	3712
4215	3416
4730	3836
4248	741
349	4345
1914	3837
4733	833
1150	3663
1420	3661
2299	1945
1085	1050
284	3942
4246	1970
2716	1192
2281	597
505	2219
3113	4844
3347	2601
779	521
2575	2939
71	2663
1618	3084
1636	1223
4623	2103
3660	4895
1272	1894
943	3568
3523	3385
4135	3950
4595	761
716	3772
183	1732
1427	640
1694	1169
1399	3991
420	1465
4015	4468
1807	1369
98	1738
2719	3621
3928	1250
4109	4177
3266	392
1091	2174
1637	382
3307	3798
3117	969
1312	4049
3515	4607
1093	4240
3528	3271
2529	4823
3130	1295
1447	3124
572	2157
85	407
218	4650
3171	4408
323	3412
1327	2149
3290	123
1327	1255
1405	2283
1620	2227
3321	1899
1248	4389
1113	2281
82	1126
4447	4180
3090	1990
4779	4867
4762	2378
3872	3507
2196	1141
2698	4083
2100	555
2901	1935
2087	2696
935	2793
2518	969
4450	863
494	2824
4781	3895
187	697
3616	3663
4873	3809
218	3475
4638	747
3353	1212
2029	902
1063	2179
1287	3739
2305	3594
1593	518
2916	755
2172	3467
2297	3752
467	2816
4883	166
815	1673
3156	1123
2947	890
4005	478
532	3796
577	139
40	2390
901	466
2359	1279
1817	2981
4169	90
2594	426
598	3113
343	4234
4936	1044
3938	3836
567	968
3821	2038
4439	1340
3707	4479
2717	4701
2982	4720
1238	4338
2681	3338
259	2707
832	690
3706	38
1789	944
1481	2934
2925	4897
3180	2860
3219	3179
1931	199
4516	1077
4334	4967
721	400
1930	4322
4256	3578
1744	68
2111	2589
1802	4621
4708	1695
4659	3212
2112	2208
4913	1425
2175	2074
1994	1409
3690	4079
3623	2497
4970	3071
2408	3045
756	3555
3661	899
80	4898
3387	2224
3288	3601
2302	1312
4006	2161
1000	4574
2107	3982
3960	2290
1308	2862
3917	4280
2405	4793
3857	3400
487	2104
38	861
2180	3207
3938	466
3014	3627
353	2117
3924	4644
2376	1838
670	679
1418	292
1671	3992
1632	3779
952	128
622	459
2565	2670
3042	2594
2814	1765
3225	3469
3805	428
3213	3944
1182	1091
3106	4144
4138	2238
2306	3134
1806	4162
3967	1164
1724	3593
4672	942
3439	2299
3356	4657
2941	1230
674	825
1347	89
1340	4821
1712	4989
1194	959
1523	1302
1909	572
314	2544
2208	2126
398	2240
2524	2020
1594	3987
3356	3429
3973	4295
2417	4936
4023	1403
4511	2719
2480	594
2734	858
4050	4597
1426	2785
4304	439
2866	2302
194	4311
3099	3875
2204	3739
2793	1768
2058	1251
4081	333
2247	3335
4804	3054
4301	1392
3829	2459
3252	1754
1317	2677
3454	4221
1837	2981
1153	3355
1542	2306
3251	1394
641	2608
358	342
736	984
1107	305
2270	849
383	3581
2159	1288
3537	412
2676	4307
801	1924
3844	398
2443	1539
2544	4289
1349	3040
172	2755
3888	3881
2901	1709
1100	1659
4709	1061
3277	2537
1865	2476
4239	4524
2383	2067
2824	4573
997	4522
2477	4064
4287	1235
1763	195
861	664
2862	1257
4039	334
3164	2453
4710	3095
3953	2604
4257	986
2347	3738
2334	4490
2030	2400
1477	3020
3506	3516
4331	2032
2085	3153
965	241
3344	3726
132	3122
228	3293
1861	3253
1267	4489
209	3231
2286	2965
2341	2315
3141	851
2433	2634
4927	2090
4513	1477
1758	4807
111	303
4416	3527
1612	4562
1955	2262
3139	1430
12	2268
3891	950
1570	1564
4136	76
1590	3734
2212	2571
2360	2964
1539	1005
4925	791
3158	2103
4358	4533
3096	1722
224	3030
4120	4759
4219	1788
2356	2333
2655	4374
1958	2056
4690	4542
663	2509
296	1667
2740	2528
607	3220
3779	1506
2398	4095
56	1493
4849	1064
199	1304
2012	220
3630	1032
2116	4610
1271	184
60	3436
4989	3017
2349	2859
2540	4246
1637	1459
944	1526
2440	34
4373	4094
4544	3127
1413	3401
3509	3381
1191	4003
1303	2889
4605	741
2484	1374
2309	4327
4470	4783
1460	3765
1199	3920
4315	600
272	2275
762	526
3634	1848
3034	2915
1564	4985
1415	2553
359	2653
1846	2299
3716	3875
4993	1801
498	2581
2976	633
4563	4140
4690	1677
2888	911
548	2529
4278	1788
983	1441
4655	3357
680	1910
4687	635
2146	3656
1657	1604
291	2407
1106	2742
742	4553
4955	740
1166	620
1780	4137
3396	802
2036	566
2421	3430
1170	4775
2210	2700
1682	2367
2291	2355
1432	3611
233	1809
3993	356
4101	1602
3023	2946
4861	3544
4113	259
796	4062
1970	761
866	3612
3171	1668
757	1890
2442	2745
1263	4539
991	4317
1238	2302
3077	4812
2765	4747
2517	3636
2823	4764
1105	1886
1287	2922
2110	3685
2952	1076
1686	1587
3391	276
3085	457
1538	1324
190	3572
1162	2963
981	3176
349	2544
1534	289
4251	1936
2154	1756
3160	2978
213	1461
206	2250
3680	3218
1353	2720
744	2592
3725	1420
1628	2058
2049	1652
4076	4484
3500	3748
705	2411
2371	153
4106	589
183	2294
2052	4099
3048	1394
4429	1264
4610	321
722	2590
1505	4267
2432	3416
2967	2416
2248	686
27	4641
2933	143
3354	1064
1541	4332
2	785
183	4648
1800	358
2125	698
148	2936
1835	3988
2490	1545
1070	1466
1941	585
1709	3347
2100	1788
1811	1310
4701	4194
4645	4105
2035	3987
2405	2302
2453	722
2411	3870
96	2202
2185	2393
567	2187
704	2072
2082	4399
1319	3412
2834	2877
4924	1870
4389	3878
661	3729
1074	59
3447	4375
1530	1319
752	4071
1313	1167
3321	210
1203	3954
3602	2419
2777	3026
2719	3354
1508	4627
2656	103
3599	468
974	3240
4554	1214
1208	2898
2515	4655
1351	4526
4370	2531
2167	2433
1	4219
2415	1857
359	2870
4143	3233
2606	2128
3109	594
2070	2619
2414	3156
2026	355
4886	1097
4634	1721
2402	2650
1761	48
893	562
4481	4411
1877	2927
2125	1318
1986	2068
3257	3902
2891	2238
3141	2656
4283	2913
1833	870
1834	3579
1643	532
2944	3511
1908	1174
1675	3778
78	3251
1681	178
4262	3517
4832	1222
1079	1349
4839	4561
2097	969
1038	4397
4879	2712
4297	3326
4391	3460
4519	2614
2519	1644
4261	2253
1029	598
2926	1472
615	2864
4929	2152
1558	1000
3985	2535
2802	147
2525	769
1088	4580
270	3107
56	2145
2322	3703
4889	1909
2521	4748
430	2064
4803	2394
322	2804
2675	3038
2799	2912
4020	676
730	4905
3343	3773
1156	326
2871	3200
1542	3890
3783	1823
1325	1731
1369	516
2722	4712
4874	2478
3424	2796
745	1457
2182	4107
3645	661
2665	4331
3925	1053
2020	2424
2235	3532
4504	4907
748	141
1514	4485
3751	3213
4172	4690
1002	4251
1652	2549
3909	2416
11	1249
312	1746
167	4224
4658	622
1433	1508
4808	1298
8	48
879	4796
4366	123
209	4768
446	3526
2962	4997
1792	3730
3319	2294
1645	1318
1628	2548
2296	4979
474	1483
2295	137
1532	4049
388	1356
2198	3249
447	4733
1992	2088
3883	563
47	2586
1396	4135
1722	4907
4391	609
3723	1382
3661	476
2408	1734
2928	4248
4188	1889
1487	1185
1434	3545
169	2965
1811	4906
430	883
4789	4707
2596	4116
1292	3894
2759	1319
1754	2501
2966	2962
3572	4067
4212	2557
641	4128
845	3154
2701	3194
2569	3273
4748	3156
1010	1354
1186	501
755	1730
3459	4662
1476	360
4747	94
4254	1541
2798	3521
757	2714
4600	3229
704	4654
2431	1096
2111	4851
3447	3097
572	1031
1768	4083
2405	4417
2980	4582
2606	883
3165	4461
2668	1912
956	2911
3368	1705
661	2250
3888	95
2573	2339
2253	24
3417	2592
3551	972
3134	3203
4421	2277
4976	2747
3579	437
3326	1460
4622	1400
1726	328
4294	3837
5000	1656
2241	2112
3028	3950
445	4057
2371	913
669	2132
898	3821
425	325
4330	3057
798	1375
1465	219
7	150
2257	1613
1889	2940
1725	4362
4894	3148
2076	1441
3515	4684
1786	4642
2549	355
772	2636
2866	1672
91	3765
582	3130
4408	1481
1677	4148
4150	2462
744	1066
4572	3539
831	645
4544	1281
4860	4497
2121	1729
2034	4505
2776	3124
2603	651
3098	656
1083	1070
3941	582
4073	4925
1075	3346
2510	511
1938	3511
2267	3459
1405	2601
3060	2196
4414	1507
1501	275
2587	2782
1553	1740
279	2213
4610	4557
3743	4968
720	731
3220	4960
1970	3087
2757	1551
2118	4998
3623	1209
4532	908
388	3891
2651	1933
1519	3703
2471	4502
3577	1928
3840	2825
3046	960
3463	2891
1129	4117
996	483
2402	875
3847	2007
3337	2864
3546	4942
247	795
3149	6
3238	4448
357	1781
545	346
4232	2108
1166	384
4612	4017
4411	3284
4122	120
2987	3195
4366	3716
2288	4800
3528	4463
4182	4950
2416	2448
4910	1604
2223	1418
2339	2291
408	2318
3111	4928
2644	1993
4979	3951
2283	3905
4354	2764
696	3944
1073	1724
3121	3526
3365	1589
3126	2841
1396	3084
1400	4675
3738	280
3380	2794
3298	390
4757	422
147	4731
3185	2832
3839	1196
703	3098
3341	2909
1615	3934
2218	3092
206	1938
2215	1897
4125	4843
3464	1497
1570	1991
1007	2462
3083	4894
3890	3333
3619	1059
4951	3177
987	4238
3669	3482
2429	2842
3900	1913
1842	3240
2463	2980
3921	1417
3301	1039
427	4214
4142	2701
2928	1219
4967	3583
664	872
2059	4259
4721	4182
4194	297
504	120
280	345
3651	609
1050	3841
2109	2990
0	1766
2125	1754
4386	1618
3624	3853
67	2429
1262	3902
738	1869
3987	4216
416	3808
4100	1082
3573	2038
2810	2315
4644	155
182	51
4817	953
4842	2194
580	3419
2652	3554
3334	4736
843	3091
1649	2937
739	348
329	1240
4649	4680
4384	4168
2219	2269
3088	3028
3498	3596
4558	4344
4176	3650
3476	2988
4179	4746
4	4638
967	1150
2460	1358
1945	2339
4423	2367
3382	4942
181	4763
3666	1111
977	52
4040	4184
2794	3444
1419	2977
4140	2935
817	1684
1147	2986
528	3934
4724	1622
4802	4314
2648	1127
3083	4441
3748	2313
1440	1454
3678	652
3249	2280
3460	3769
1400	3879
1830	3055
3566	2976
2008	678
1897	2616
2002	2364
2839	1723
1362	4238
1307	1220
4329	3974
3988	1548
1398	4303
2461	4694
2069	654
3862	3439
2029	4809
3284	1128
2039	1608
4857	3159
4353	2619
793	4581
4513	229
4652	2299
2584	77
3131	4083
3884	4593
1232	3073
623	4898
876	4092
793	4259
168	1993
4813	1867
2833	2420
1520	2328
462	1745
4776	459
3959	164
4734	4653
3331	2534
3072	1455
1600	4825
3403	3423
2409	948
2213	4998
909	3787
458	631
2932	2571
1786	3033
1698	420
373	1853
3007	1746
4382	3028
4151	1644
2347	514
3505	1831
3240	1636
2298	4745
3004	2134
896	1401
981	914
4904	3412
1798	1456
1613	2083
4025	3531
4587	2683
1678	2831
4000	1750
1329	1623
2190	2799
4435	45
1271	2347
2637	2335
1429	1027
4686	3512
4785	4080
4578	634
2886	4611
4342	173
4059	703
3179	4204
358	1910
131	2386
1781	186
459	4424
2437	4424
1949	2902
1761	4188
3515	730
3547	511
3685	292
1376	4351
1845	3926
4797	1322
494	1655
52	3580
2587	3766
4416	2945
3109	2895
2736	4884
4634	2287
4167	247
4294	1081
1382	3993
4277	932
73	3573
3566	960
4448	2663
2826	4572
1014	3678
660	3041
3308	4443
2885	4870
155	4075
754	418
1901	3731
565	2473
4362	603
3014	2405
2306	3450
4921	1553
2631	920
1244	5000
395	351
2602	345
1532	2996
1688	3035
3117	3922
401	2696
2466	915
4057	1429
1257	897
358	1939
95	1854
2987	4494
2317	4256
4757	1329
1017	3725
4686	419
4869	1943
1858	2695
1995	2157
2076	1747
2303	1390
2638	2464
2187	575
4842	2672
2999	1081
2461	3799
2046	4425
2327	4303
1977	3416
4028	3328
977	2966
3127	1791
2564	1330
2820	2068
4303	254
4797	3948
288	3810
35	3743
20	2168
3314	4847
1320	2337
2967	2467
3034	1089
75	4142
4374	1155
2891	4140
4416	361
1283	1925
945	1497
3673	2901
3328	2985
2711	711
3237	1736
3883	45
2885	3560
3066	1384
2928	604
907	706
1686	1911
1131	4990
1554	2107
240	4089
2713	1211
4917	3790
613	1162
3400	621
43	1152
3140	2554
2952	2332
3735	1975
2283	2354
2694	2432
4710	1916
2843	939
3560	2768
1640	4031
3928	1484
3314	752
4800	2645
182	3984
929	4779
2458	3109
3591	3529
411	656
1262	1166
895	1652
3063	3191
4065	4592
1458	1262
1494	4341
3745	4359
1027	2374
1473	3957
773	3164
1696	1392
2924	1138
4800	2001
3815	1846
753	4970
2497	3014
3622	2233
2303	3045
3143	2703
1504	783
1587	4436
4353	80
380	3535
1655	3758
2831	3126
2270	1025
3558	1028
1838	4452
1906	1494
4311	1665
3510	3502
380	4317
3098	2926
1095	2605
1242	4966
2827	520
4601	3239
224	2372
367	1094
237	2585
2863	4045
486	542
4587	4425
2261	3615
3365	2352
771	2943
4164	1268
618	3754
2742	4376
936	2807
1266	4454
2809	3928
2982	173
2700	1100
1093	1064
2952	4086
2102	306
3297	3673
4916	692
1860	2257
4693	4728
2837	3069
4714	2341
4309	1868
1188	3602
2184	946
2280	3458
1984	3257
477	3254
3115	4511
4022	2432
1699	2696
2261	678
1497	2242
3388	3525
4367	1715
2974	3874
243	3388
1251	1778
1030	4671
1987	4871
1880	3064
3764	1032
1162	4294
571	3807
3843	3191
3738	226
4765	4059
345	1003
1637	2023
1044	1147
2472	2531
1097	4272
1355	3570
2146	3227
1977	3164
2945	1782
1416	978
1577	2513
4275	3499
2137	1960
4854	376
1941	1842
3388	984
4225	4368
1186	3897
3495	117
4413	3205
1643	2024
213	1160
1661	2079
4323	4262
2527	2966
942	1197
4858	985
3965	1507
2130	2641
1884	1703
4310	2853
1857	4733
3271	740
1384	2517
2799	3579
944	2227
706	1494
1012	4391
3880	891
2488	4334
3129	3961
222	2315
3184	3343
2529	2847
3925	2024
55	1474
3783	4333
2584	4605
679	3943
4717	2904
1232	1970
1105	1103
3721	819
2499	1077
349	2698
3535	4259
3392	6
1346	2302
1597	1572
3941	279
4747	4399
3999	4295
2328	4764
165	2884
1150	149
3853	977
4351	4505
2498	4020
3220	304
250	1270
3317	959
858	3846
373	578
1435	3241
124	686
768	136
303	4318
2737	1945
4385	1123
3407	1952
1211	3959
4614	22
3296	1030
4747	4018
1	1687
1905	4823
3556	2312
4293	2905
3029	2876
3195	1255
2795	4658
2718	3155
4285	4423
312	3323
41	191
3757	420
289	4559
486	2004
4617	4868
1119	1442
1618	2048
1306	3901
1219	2390
2562	3257
1159	2601
1688	3574
2302	3062
658	1891
4840	1312
4990	3897
1498	3402
2949	418
788	3424
4896	155
4140	1
2734	599
3157	4645
719	1264
2535	61
806	1956
2860	3171
895	1736
2946	666
1870	1459
850	1617
1517	912
2097	4478
1227	2333
4939	2380
765	1212
4001	114
424	2865
4970	4074
4173	2503
3494	982
3678	563
3365	759
3883	3009
4572	4940
2733	4728
2828	3903
1802	144
3072	1641
3192	4673
234	2154
3428	4176
2665	340
2526	2337
1237	2018
752	961
4032	4137
3219	983
4503	236
3052	4453
515	3840
2455	845
2116	2198
883	2265
4459	3775
426	741
4941	3989
4741	3375
2618	662
3141	3351
3301	1538
1531	1065
3187	3617
3256	2866
3174	523
3437	662
49	4267
3541	4525
2294	4691
4985	930
2593	4508
1187	4105
4087	3528
1721	3148
2015	1144
2714	2746
3673	3152
1383	831
4330	252
369	1551
355	1912
1434	4761
2397	83
903	575
471	558
4109	4443
2066	4416
1091	2511
2397	563
3422	4242
701	410
897	4686
2970	848
3469	526
1894	2723
501	3778
4842	4662
3619	2407
560	1795
3911	3672
1101	2373
1002	2089
2196	1253
1239	280
4993	1253
2968	3189
2073	392
857	4849
3278	1604
3616	2521
3196	4935
2691	4581
694	3199
3677	1645
3102	3743
4382	1464
3198	1945
429	2269
3375	2626
4645	1185
2214	165
3519	4951
3284	2527
1631	4395
3308	1199
170	2412
1767	4966
1848	3797
3653	882
1142	2661
352	2834
1559	2970
4058	3805
2475	3836
628	3882
2245	4233
3410	3478
3041	4837
449	3546
3545	3184
1352	4365
3936	3598
561	561
1515	649
1429	4621
3249	1190
1230	2397
4885	579
211	2636
165	984
1588	4982
2977	1329
3816	4183
678	118
3629	139
3074	4264
3168	344
3547	2258
829	3398
4021	1900
411	76
1324	1854
2043	680
3613	3499
4560	3663
4188	2532
3091	2097
4100	3188
462	3614
3589	2016
3591	4332
810	3490
607	2918
3256	920
3547	769
2134	2930
29	4471
4506	1432
131	2180
4684	4243
3769	3019
588	4006
1243	570
3582	3468
4959	2516
29	1322
19	508
1791	4374
3001	473
3890	4709
4574	3765
483	3365
4977	2188
4692	1262
1561	410
4893	3549
3070	1070
2856	2776
633	3709
3644	4307
3706	3267
244	4736
605	4703
301	2480
1001	2271
4702	936
4748	240
3378	3795
178	4359
4680	1240
3632	1504
3833	2488
4797	1938
1746	2031
2861	1172
170	2605
4145	59
2773	1450
3308	743
4475	2965
3199	4053
180	4504
2653	1707
1761	142
3114	3205
3844	3375
4227	2165
323	1469
3552	1342
223	2327
2779	3049
158	1429
2182	4255
3451	1569
312	1846
4510	459
3553	4109
961	3633
662	1793
2620	3653
61	4103
4908	305
4453	4296
2700	8
1192	2137
2972	1299
3533	3574
4361	2987
1427	2052
3648	4093
2531	1922
2559	1507
3	1
3289	2715
4690	40
3276	2912
4169	984
4371	2202
1456	3533
3902	4895
3803	2948
4443	4203
2610	1069
1795	4194
1786	2773
3820	2864
2776	1994
2385	4835
4462	871
2607	3817
1840	3865
4632	447
786	2769
496	1328
4141	3833
1840	314
2976	4520
4139	4431
4823	92
1450	1466
2674	4314
1143	4218
2413	1692
810	1477
3802	4710
546	4942
2756	2752
2003	3088
2152	327
1368	4102
2188	4900
2597	133
1090	2014
804	951
3576	2370
2143	4479
4589	4923
2275	2464
1305	4464
4401	4051
784	969
3789	3925
3957	2007
2564	493
3512	1195
2657	1207
1593	1768
4833	3905
1365	2396
991	88
1663	3370
2619	387
713	4549
4052	984
2662	1344
2400	1551
1073	2009
2049	3409
4811	1272
1502	2905
3672	3471
1890	3295
4217	4139
4513	514
190	4815
403	2324
4906	635
2745	3912
3471	582
3713	90
946	3958
3638	3431
1021	4391
922	4029
1936	4730
4260	965
3696	2664
225	4063
2881	3545
4369	1480
292	1132
2709	4539
3095	1610
691	4091
2172	3428
265	3533
3831	1726
225	254
3488	1848
2943	1672
4271	2803
3133	3294
4165	2304
2559	1305
313	2722
4950	3627
4102	724
4763	2623
3985	2075
4278	3449
2676	3237
1634	453
233	385
969	2477
3064	3849
1131	2966
4032	4856
1285	1504
4952	342
2156	3962
1842	2926
3517	3959
502	3134
811	4181
6	3692
338	1986
683	4710
1096	1297
2458	4589
1753	2847
2154	1439
1939	50
11	440
1133	334
1276	2811
4580	3575
897	4996
1729	3686
3859	4688
3328	2389
1769	2777
3867	2523
1350	1370
456	4617
2761	2093
3147	840
3489	2935
2559	3153
4385	2850
1701	1225
246	3155
1183	4570
2908	202
2899	2003
1066	4045
1635	2401
4372	3516
3113	616
4473	4994
2025	1173
3738	1263
3276	992
665	4063
1689	313
4232	4536
330	394
369	512
4020	2713
3239	3060
2438	1245
2085	3299
3459	624
2167	3174
878	3020
2236	3474
1700	593
3850	1472
904	3686
3082	2101
1415	2497
226	452
4102	2557
778	1963
1059	3677
810	2486
4967	3788
4255	4750
3489	2289
1559	3889
2724	1475
3280	4998
527	1168
2980	4214
812	3889
2856	994
3657	2685
4457	3114
2799	1358
2557	1053
225	3714
3893	4028
3362	3447
3241	3120
3672	1829
1717	2253
4597	2344
2784	3205
657	3500
2760	3308
2183	1081
631	4046
2192	1800
4552	3706
491	2699
2243	3070
2869	3724
442	4679
1965	2996
845	2007
4972	1036
154	1520
2932	2589
3922	1699
603	1600
2294	57
655	2474
748	1223
4047	64
524	1373
4251	979
898	45
1717	2816
3016	564
1626	2897
901	869
4919	4939
4292	1978
2537	4064
4532	2425
2817	1356
591	2480
1770	2530
2122	877
1998	3106
163	4168
2508	1647
1424	4584
1132	4925
4395	1772
4660	1432
524	3044
1972	363
4823	3096
801	3065
2794	702
551	1675
3266	61
1041	3789
2699	3006
1017	1239
945	904
4391	604
454	715
4951	1815
498	2508
1803	4572
3156	4726
2006	394
3737	2454
3678	559
1902	3567
3258	287
1615	3934
111	3125
2058	1656
4637	4751
1525	3045
2012	1046
430	4129
818	1469
4421	4011
597	3690
1452	4893
4220	1961
4463	4511
0	3171
2024	2431
4138	1080
3905	4624
3426	3945
898	3195
1390	950
3362	3092
3287	4485
1971	285
1415	2995
2070	2700
2745	4285
4049	707
1802	1286
1041	3955
2774	2093
4217	433
282	1413
4295	2384
1027	3610
598	4456
4342	1523
1454	2147
2182	3378
4908	4158
2058	2483
4706	1284
4007	3844
4163	795
2404	3649
3448	4271
1630	4533
229	1220
4004	4074
1591	3689
3383	4662
3010	75
1615	4039
3891	1612
2170	1820
3489	519
2080	3545
4353	3352
1186	2199
3537	509
140	4870
2054	1102
3440	4397
575	4410
3844	4150
1515	1576
3683	2318
3914	4404
4235	3462
1828	3064
1389	3848
4350	3962
2401	1811
2386	1225
3610	1483
1871	982
970	4491
3422	2048
2568	2767
4157	3113
2403	4510
4925	219
1604	2678
269	617
4266	1483
4476	938
4588	2704
2152	3356
1417	1998
4688	929
3884	2774
1909	3084
3455	3546
1922	3240
2748	1804
2657	3888
2967	4086
3315	4837
3448	3335
78	2269
1745	2385
4008	4984
2162	3879
4989	4635
814	3390
2861	2127
3234	1523
1251	2764
4886	740
1367	4663
4989	1996
2704	1463
4353	221
2331	2446
67	4077
2456	415
395	872
4662	431
2506	4195
3303	593
4630	2819
2630	3454
1066	1424
175	362
3728	3649
4692	4668
2746	3925
1127	2769
4393	520
3769	2750
3683	3981
3789	1921
1082	3280
195	260
2231	3560
4574	4754
3056	1515
1528	1685
4008	3965
3852	1942
3707	2093
2908	4953
953	4044
2432	2700
4803	2897
4649	3428
3870	4570
4350	279
937	1434
1239	634
470	3367
1880	134
139	4222
1563	3532
4	3350
865	3364
4769	565
4450	2400
673	1884
4354	1209
2887	4239
3931	2570
1236	942
4349	4583
4111	4610
1689	2773
2419	1007
4191	2504
904	56
4518	4650
1649	4735
3217	2123
994	3741
1427	4471
1540	1294
3552	989
3740	2060
3892	2190
2473	3160
199	3029
176	3970
4452	2346
1940	492
3888	2834
3732	1438
240	1018
3327	3713
3733	1379
4710	2890
2522	3187
2938	359
1322	4023
24	3182
1578	436
4168	822
4658	1668
4245	4330
4905	1609
1025	3067
4439	871
4143	3318
2909	3355
3003	3975
1274	4771
1378	968
3693	3022
3588	1724
1210	251
4619	1119
3531	2116
1949	703
3885	2662
1925	3088
3626	1867
2584	1591
1477	1942
2509	829
4436	2947
4956	4472
22	2461
442	2679
1412	3601
3240	2508
3494	3194
804	3682
288	4865
1795	4094
4712	4998
3421	1226
756	2342
1655	3691
4835	82
2013	189
4863	4526
789	4696
4288	4117
3154	390
1681	3309
3041	2295
2005	4611
2954	3681
850	2584
611	499
849	4177
3671	3693
1539	3445
3235	4671
4519	1121
1295	2518
2306	209
2261	3841
2539	1843
3829	2862
1645	3226
553	4471
385	1158
1963	807
3839	3855
3432	95
1789	1567
1721	2938
4797	4402
4416	188
4728	3576
1092	1883
3042	3337
587	3332
523	4987
560	4265
2621	4054
991	257
4363	1796
3679	4262
1447	4378
3081	3538
3148	4812
4053	1844
4412	1006
1299	852
2322	4597
913	3163
2094	3828
274	3940
3101	900
4908	1551
1665	2923
3215	502
1629	4791
255	298
2763	3518
3434	4245
1606	1564
1121	417
2345	3508
2970	80
2113	1361
3227	3354
4971	1363
838	4030
2320	723
2785	425
989	3952
3486	3796
2142	3672
2732	3148
1360	3053
3558	523
23	552
1410	2124
2706	3895
4206	4246
3217	1107
4288	4816
4948	3351
4995	1087
2136	3438
2003	4394
475	2351
1310	1268
1207	4740
1066	3308
3146	2562
2836	2540
1485	2769
1683	2438
1665	792
2719	3439
4099	1512
2575	2428
429	4442
3687	2096
406	192
353	1189
3459	2179
4726	4928
1896	4656
3785	491
4369	2996
3371	2532
4052	4325
4538	4635
3505	1369
4531	1979
4274	4140
251	2370
3711	1987
3233	2963
3626	1550
2658	2843
669	1190
549	2110
330	2059
3937	242
1030	1388
4044	313
661	4831
4048	1901
4096	472
2105	4790
2321	3391
3831	1887
3979	1502
595	2215
533	3413
388	4482
515	133
4770	1361
2608	2157
1608	2762
3070	4722
2950	4377
3141	3301
3168	1379
3958	2726
1456	4981
3026	2305
2151	2986
2897	2879
4462	736
4474	1417
2632	2629
4474	1096
2208	4319
4229	4939
1794	2469
2869	3346
868	346
2964	2252
2129	2968
2080	1290
4639	1320
214	1950
2931	3172
2661	3879
1237	2503
4730	2790
1673	1987
4713	459
4509	4062
1966	1741
510	1617
1545	3785
3659	2491
3429	2715
3422	2335
4830	1786
3608	2312
264	1396
2500	4394
2850	1188
1749	3820
1168	2482
3263	3269
32	3709
81	1093
582	31
885	2582
3698	2279
2888	466
2236	3643
2315	3621
166	2592
4238	4369
461	792
3921	3377
3376	4193
1775	42
4	2190
529	3360
3454	4768
1120	136
625	1640
3510	4219
4605	4213
3821	3459
3737	2740
2430	755
2122	1262
3364	4613
4026	4322
919	72
4240	2917
3088	3441
252	2581
1024	3757
1967	4255
3144	4058
374	914
3543	4174
3558	4028
1999	4783
1776	1134
1067	3737
4555	4652
4672	1983
885	1859
4087	3151
571	100
1932	2247
1249	2953
2755	468
3378	1743
4888	2112
2115	1213
1660	4019
1780	583
4839	74
133	2438
3455	1633
3838	2114
708	3832
3934	2761
943	412
49	4833
335	4984
3833	761
3916	3596
3930	4070
570	156
1368	2942
4671	2055
1986	324
4701	2237
517	2876
4758	805
1453	1768
202	3273
680	2951
1395	2286
913	4813
2934	3257
1572	3703
4536	4311
3405	1667
3547	4372
1112	626
3831	1190
769	4179
1224	2508
782	4802
4666	4630
1607	1228
1369	3127
3283	1121
3917	4328
954	3827
1877	2910
2859	3979
4162	2688
2223	2450
2844	49
709	3086
3986	3320
4417	1299
2403	623
4834	447
1881	4557
1677	4354
4104	443
2253	830
4505	1747
512	2918
2141	765
3000	3977
2963	3746
444	973
1903	3426
270	4599
4494	4336
1248	1144
3612	3208
765	2975
3112	1851
1599	3694
4885	3275
2016	3213
2446	3902
948	4642
247	3839
3860	1954
2920	3166
3859	3340
2876	3148
3207	3178
558	3907
5000	2005
2934	2739
2629	4622
3106	4453
4078	3081
1952	2023
1198	3611
4138	4171
2330	1778
4500	191
3302	812
305	98
2308	101
425	2473
6	1669
1184	861
1354	3085
4933	4669
815	2071
3821	1563
1454	4659
866	1923
1858	247
1358	3319
897	750
4071	2649
1706	3948
233	1912
1518	2177
4403	2110
4055	1537
1959	445
333	209
122	2810
117	4639
557	640
3654	854
928	1519
669	4887
3556	4007
3640	4680
2771	1619
4073	1788
4991	1404
4752	1654
797	186
4672	1589
1561	2679
3397	1458
4870	4230
3999	525
1355	4716
4663	2895
1671	2370
2383	256
1999	1813
2174	2021
628	680
2187	3743
1817	268
94	2373
3870	2077
2386	2084
3943	1351
3581	2041
577	3453
2305	2584
2223	3903
2874	3965
4885	2163
3205	2390
2595	3664
928	4011
2551	4828
1947	4244
4238	836
1540	669
2249	2614
1453	1065
3621	3621
4565	4455
3590	1245
4297	2682
1980	910
2977	2163
4852	999
1123	3925
4243	4333
1712	2689
1466	4816
1259	3249
4270	1566
4315	3833
1971	1256
2857	662
3294	911
3250	3446
240	1047
2358	534
203	4858
4874	3750
2670	4713
2382	2524
250	3690
3858	4107
4255	3236
1185	1429
2442	4933
3249	3085
492	3037
3233	4459
2228	2151
3421	4927
1133	1321
1146	323
2505	2632
3215	4038
5	914
1037	744
1895	3383
2766	4997
4078	2964
1681	1683
1565	2630
2297	411
1854	4318
962	2711
3074	2120
4758	2480
1683	3592
2843	3256
4835	3393
325	3364
672	2568
1557	2593
4121	1474
1502	2868
2272	4783
2461	803
599	108
1809	4757
2956	2444
2036	644
276	4811
4703	469
3982	4295
3418	2241
3866	792
594	2855
2661	1357
744	1231
4145	347
1483	3024
2055	601
2300	2934
205	4650
1303	669
837	2828
4659	3802
1308	927
3970	4922
1876	2909
3896	2472
3165	2498
1745	2546
4759	3135
3616	711
3639	4525
3237	475
980	121
3493	4351
4699	4833
1711	910
3975	2481
1702	2542
4510	3871
3719	3274
3578	750
1042	1876
4084	3716
2483	1423
3421	265
1712	1404
348	1242
1125	2867
2659	1669
1875	2903
3458	3395
4722	1290
1129	2089
3841	1935
2288	4489
4260	3493
643	1223
2285	2193
1764	4933
1297	2734
2834	3617
4257	4390
3326	4701
3350	1396
1814	3882
3725	4950
203	4659
1399	2697
1187	1706
4896	3487
1652	4774
1216	3745
4870	1123
1382	1860
2166	1161
3155	1770
4344	4465
222	1832
2467	2778
3108	1816
2938	4675
2056	221
2548	949
781	4341
334	850
425	4878
789	4380
4509	1297
1989	3160
1356	773
4946	1845
1332	487
2861	3001
2299	4787
3209	4854
4722	3565
393	3353
3444	4461
3351	2213
3728	4462
815	2712
2525	750
1600	4029
4679	2993
133	460
4601	3390
4582	2936
4441	2930
1321	507
2404	3966
3876	524
2480	684
2837	94
1044	4749
2573	3994
2345	854
1815	1633
3448	440
21	1810
149	4717
4730	3003
3366	464
2808	609
4608	2002
3770	2331
2968	3137
2767	1277
2362	194
3586	4126
4763	2203
3502	1223
1431	177
427	260
274	3675
163	3590
1206	2395
3516	3745
1655	2827
3129	3635
4708	2387
1250	4961
3804	109
3869	4012
1489	4579
4318	3419
1227	428
1430	4509
228	2756
1584	2915
3894	2271
